epoch,accuracy,loss,val_accuracy,val_loss
0,0.6479591727256775,0.8093366622924805,0.7334801554679871,0.6462033987045288
1,0.7602040767669678,0.5740020275115967,0.7334801554679871,0.5977043509483337
2,0.7602040767669678,0.5444218516349792,0.7334801554679871,0.5850449800491333
3,0.7602040767669678,0.5748772025108337,0.7334801554679871,0.5885593295097351
4,0.7602040767669678,0.5320886373519897,0.7334801554679871,0.6421938538551331
5,0.7602040767669678,0.5530688762664795,0.7246695756912231,0.6084332466125488
6,0.7806122303009033,0.529779851436615,0.7334801554679871,0.617669939994812
7,0.7602040767669678,0.5225296020507812,0.7334801554679871,0.6062034368515015
8,0.7602040767669678,0.5113652348518372,0.7334801554679871,0.6101354956626892
9,0.7602040767669678,0.5052221417427063,0.7334801554679871,0.6312540173530579
10,0.7602040767669678,0.5019925236701965,0.7334801554679871,0.6340126991271973
11,0.7602040767669678,0.48951756954193115,0.7334801554679871,0.6171799302101135
12,0.7806122303009033,0.5041736364364624,0.7334801554679871,0.6196144819259644
13,0.7704081535339355,0.48672857880592346,0.7356828451156616,0.6153567433357239
14,0.7755101919174194,0.47896385192871094,0.7334801554679871,1.0050560235977173
15,0.7551020383834839,0.5620058178901672,0.7312775254249573,0.6319758892059326
16,0.7653061151504517,0.484232097864151,0.7334801554679871,0.5973515510559082
17,0.7551020383834839,0.48080161213874817,0.7378854751586914,0.5925554037094116
18,0.7653061151504517,0.4635924994945526,0.7334801554679871,0.6427289247512817
19,0.7806122303009033,0.4480705261230469,0.7356828451156616,0.6382544636726379
20,0.7806122303009033,0.4358788728713989,0.7224669456481934,0.6464089155197144
21,0.7857142686843872,0.431136816740036,0.7378854751586914,0.6833008527755737
22,0.7857142686843872,0.4182036221027374,0.6696035265922546,0.6343269348144531
23,0.8520408272743225,0.4140765964984894,0.742290735244751,0.7976316809654236
24,0.7704081535339355,0.43801572918891907,0.7180616855621338,0.6503347754478455
25,0.8163265585899353,0.4308564066886902,0.7136563658714294,0.6485569477081299
26,0.7806122303009033,0.4138767719268799,0.7356828451156616,0.7704790234565735
27,0.7755101919174194,0.4094819724559784,0.7202643156051636,0.6904677152633667
28,0.8520408272743225,0.3750888407230377,0.7114537358283997,0.7119541764259338
29,0.8265306353569031,0.3662029504776001,0.7202643156051636,0.7818728089332581
30,0.8061224222183228,0.3580939769744873,0.7114537358283997,0.7195466160774231
31,0.8418367505073547,0.3462108373641968,0.7026431560516357,0.7581384181976318
32,0.8265306353569031,0.3260336220264435,0.7048457860946655,0.787953794002533
33,0.8826530575752258,0.30796533823013306,0.6806167364120483,0.7976382970809937
34,0.8571428656578064,0.33730483055114746,0.7268722653388977,0.9367021322250366
35,0.7908163070678711,0.3962148129940033,0.6145374178886414,0.729453444480896
36,0.8010203838348389,0.43000510334968567,0.6982378959655762,0.7670210599899292
37,0.8571428656578064,0.30843961238861084,0.7026431560516357,0.7648348808288574
38,0.8418367505073547,0.32516252994537354,0.7202643156051636,0.8314021229743958
39,0.8418367505073547,0.2909311056137085,0.7114537358283997,0.7575159668922424
40,0.8979591727256775,0.2917037308216095,0.7180616855621338,0.9452314972877502
41,0.8571428656578064,0.32011842727661133,0.6607929468154907,0.8017910122871399
42,0.8979591727256775,0.29585668444633484,0.7070484757423401,0.884577214717865
43,0.8979591727256775,0.2526550889015198,0.700440526008606,0.9146322011947632
44,0.8877550959587097,0.25759947299957275,0.6982378959655762,1.0109517574310303
45,0.9081632494926453,0.2385530024766922,0.700440526008606,1.1264235973358154
46,0.918367326259613,0.18691439926624298,0.6651982665061951,1.122734785079956
47,0.8877550959587097,0.21259087324142456,0.6894273161888123,1.2197493314743042
48,0.9234693646430969,0.19989994168281555,0.6277533173561096,1.1130019426345825
49,0.918367326259613,0.1892262101173401,0.7092511057853699,1.535706639289856
